spawns:
  default:
    world: 487aea34-b2db-4361-bfc7-0b18d16f79fe
    world-name: world
    x: 16.23532299647861
    y: 24.0
    z: 441.6129005997455
    yaw: 88.65011596679688
    pitch: 35.89021301269531
  admin:
    world: 487aea34-b2db-4361-bfc7-0b18d16f79fe
    world-name: world
    x: 16.353044857163052
    y: 25.414193349274573
    z: 441.5049317561226
    yaw: 91.70843505859375
    pitch: 11.768994331359863
  moderator:
    world: 487aea34-b2db-4361-bfc7-0b18d16f79fe
    world-name: world
    x: 16.353044857163052
    y: 25.414193349274573
    z: 441.5049317561226
    yaw: 91.70843505859375
    pitch: 11.768994331359863
  owner:
    world: 487aea34-b2db-4361-bfc7-0b18d16f79fe
    world-name: world
    x: 16.353044857163052
    y: 25.414193349274573
    z: 441.5049317561226
    yaw: 91.70843505859375
    pitch: 11.768994331359863
